[gd_scene load_steps=5 format=3 uid="uid://d3un0frciaadd"]

[ext_resource type="PackedScene" uid="uid://bdx7ag47vdvgu" path="res://items/gun/gun.tscn" id="1_vtf48"]
[ext_resource type="PackedScene" uid="uid://qv2gltmr1lox" path="res://projectiles/puke_projectile.tscn" id="2_12tyl"]
[ext_resource type="AudioStream" uid="uid://2pw0twgy4mhy" path="res://assets/Shotgun.wav" id="3_4po7x"]
[ext_resource type="PackedScene" uid="uid://ddjxphwvw50un" path="res://assets/Guns/Shotgun.glb" id="4_taqxm"]

[node name="Shotgun" instance=ExtResource("1_vtf48")]
bullet = ExtResource("2_12tyl")
firerate = 1.0
sound = ExtResource("3_4po7x")
RecoilForce = 0.3
MaxRecoil = 0.3

[node name="BulletEmitters" parent="." index="0"]
transform = Transform3D(-1, 0, -8.74228e-08, 0, 1, 0, 8.74228e-08, 0, -1, 0.723797, 0.101534, -2.22986)

[node name="Node3D" type="Node3D" parent="BulletEmitters" index="0"]

[node name="Node3D2" type="Node3D" parent="BulletEmitters" index="1"]
transform = Transform3D(0.996195, 0, -0.0871557, 0, 1, 0, 0.0871557, 0, 0.996195, -0.0312251, 0, 0)

[node name="Node3D3" type="Node3D" parent="BulletEmitters" index="2"]
transform = Transform3D(0.996195, 0, 0.0871557, 0, 1, 0, -0.0871557, 0, 0.996195, 0.0263088, 0, 0)

[node name="Node3D4" type="Node3D" parent="BulletEmitters" index="3"]
transform = Transform3D(1, 0, 0, 0, 0.996195, 0.0871557, 0, -0.0871557, 0.996195, 0, 0.057327, 0)

[node name="Node3D5" type="Node3D" parent="BulletEmitters" index="4"]
transform = Transform3D(1, 0, 0, 0, 0.996195, -0.0871557, 0, 0.0871557, 0.996195, 0, -0.0631063, 0)

[node name="Node3D6" type="Node3D" parent="BulletEmitters" index="5"]
transform = Transform3D(0.996195, 4.65661e-10, -0.0871557, -0.00759612, 0.996195, -0.0868241, 0.0868241, 0.0871557, 0.992404, -0.0197975, 0.0252238, 0)

[node name="Node3D7" type="Node3D" parent="BulletEmitters" index="6"]
transform = Transform3D(0.996195, -4.65661e-10, 0.0871557, 0.00759612, 0.996195, -0.0868241, -0.0868241, 0.0871557, 0.992404, 0.0153308, 0.0270536, 0)

[node name="Node3D8" type="Node3D" parent="BulletEmitters" index="7"]
transform = Transform3D(1, 0, 0, 0, 1, 0, 0, 0, 1, 0.0200295, -0.0338464, 0.00499636)

[node name="Node3D9" type="Node3D" parent="BulletEmitters" index="8"]
transform = Transform3D(1, 0, 0, 0, 0.984808, -0.173648, 0, 0.173648, 0.984808, -0.0207422, -0.0451869, -0.00550008)

[node name="Shotgun2" parent="." index="2" instance=ExtResource("4_taqxm")]
transform = Transform3D(-1, 0, -1.50996e-07, 0, 1, 0, 1.50996e-07, 0, -1, 0, 0, 0)

[node name="Shotgun" parent="Shotgun2" index="0"]
transform = Transform3D(1.25882, 0.00362239, -0.324586, -0.0145873, 1.29924, -0.0420733, 0.324279, 0.0443828, 1.25812, -0.0762721, -0.226312, 0.383334)
layers = 524288

[editable path="Shotgun2"]
