[gd_scene load_steps=8 format=3 uid="uid://d3un0frciaadd"]

[ext_resource type="PackedScene" uid="uid://bdx7ag47vdvgu" path="res://items/gun/gun.tscn" id="1_vtf48"]
[ext_resource type="PackedScene" uid="uid://qv2gltmr1lox" path="res://projectiles/puke_projectile.tscn" id="2_12tyl"]
[ext_resource type="AudioStream" uid="uid://2pw0twgy4mhy" path="res://assets/Shotgun.wav" id="3_4po7x"]
[ext_resource type="PackedScene" uid="uid://ddjxphwvw50un" path="res://assets/Guns/Shotgun.glb" id="4_taqxm"]

[sub_resource type="StandardMaterial3D" id="StandardMaterial3D_7cbap"]
albedo_color = Color(1, 1, 0, 1)
emission_enabled = true
emission = Color(1, 1, 0, 1)
billboard_mode = 1

[sub_resource type="ParticleProcessMaterial" id="ParticleProcessMaterial_g2kah"]
direction = Vector3(0, 0, 1)
initial_velocity_min = 10.0
initial_velocity_max = 10.0

[sub_resource type="QuadMesh" id="QuadMesh_3xinr"]
size = Vector2(0.05, 0.05)

[node name="Shotgun" instance=ExtResource("1_vtf48")]
bullet = ExtResource("2_12tyl")
firerate = 1.0
sound = ExtResource("3_4po7x")
RecoilForce = 0.5
MaxRecoil = 0.5
RecoilRecoverSpeed = 3.0

[node name="BulletEmitters" parent="." index="0"]
transform = Transform3D(-1, 0, -8.74228e-08, 0, 1, 0, 8.74228e-08, 0, -1, 0.121838, 0.117214, -1.93809)

[node name="Node3D" type="Node3D" parent="BulletEmitters" index="0"]

[node name="Node3D2" type="Node3D" parent="BulletEmitters" index="1"]
transform = Transform3D(0.996195, 0, -0.0871557, 0, 1, 0, 0.0871557, 0, 0.996195, -0.0312251, 0, 0)

[node name="Node3D3" type="Node3D" parent="BulletEmitters" index="2"]
transform = Transform3D(0.996195, 0, 0.0871557, 0, 1, 0, -0.0871557, 0, 0.996195, 0.0263088, 0, 0)

[node name="Node3D4" type="Node3D" parent="BulletEmitters" index="3"]
transform = Transform3D(1, 0, 0, 0, 0.996195, 0.0871557, 0, -0.0871557, 0.996195, 0, 0.057327, 0)

[node name="Node3D5" type="Node3D" parent="BulletEmitters" index="4"]
transform = Transform3D(1, 0, 0, 0, 0.996195, -0.0871557, 0, 0.0871557, 0.996195, 0, -0.0631063, 0)

[node name="Node3D6" type="Node3D" parent="BulletEmitters" index="5"]
transform = Transform3D(0.996195, 4.65661e-10, -0.0871557, -0.00759612, 0.996195, -0.0868241, 0.0868241, 0.0871557, 0.992404, -0.0197975, 0.0252238, 0)

[node name="Node3D7" type="Node3D" parent="BulletEmitters" index="6"]
transform = Transform3D(0.996195, -4.65661e-10, 0.0871557, 0.00759612, 0.996195, -0.0868241, -0.0868241, 0.0871557, 0.992404, 0.0153308, 0.0270536, 0)

[node name="Node3D8" type="Node3D" parent="BulletEmitters" index="7"]
transform = Transform3D(1, 0, 0, 0, 1, 0, 0, 0, 1, 0.0200295, -0.0338464, 0.00499636)

[node name="Node3D9" type="Node3D" parent="BulletEmitters" index="8"]
transform = Transform3D(1, 0, 0, 0, 0.984808, -0.173648, 0, 0.173648, 0.984808, -0.0207422, -0.0451869, -0.00550008)

[node name="Shotgun2" parent="." index="2" instance=ExtResource("4_taqxm")]
transform = Transform3D(-0.998417, 0, 0.0562396, 0, 1, 0, -0.0562396, 0, -0.998417, -0.0585853, -0.0682596, 0)

[node name="Shotgun" parent="Shotgun2" index="0"]
transform = Transform3D(1.3, 0, 0, 0, 1.3, 0, 0, 0, 1.3, -0.0762721, -0.226312, 0.383334)
layers = 524288

[node name="GPUParticles3D2" type="GPUParticles3D" parent="Muzzleflash" index="0"]
material_override = SubResource("StandardMaterial3D_7cbap")
emitting = false
amount = 64
lifetime = 0.03
one_shot = true
fixed_fps = 60
process_material = SubResource("ParticleProcessMaterial_g2kah")
draw_pass_1 = SubResource("QuadMesh_3xinr")

[editable path="Shotgun2"]
